0000001750
0000002491
0000003146
0000003153
0000003673
0000003952
0000004515
0000006207
0000006292
0000006314
0000007032
0000007084
0000007286
0000007323
0000008192
0000008855
0000009263
0000009466
0000012779
0000012978
0000013372
0000015847
0000016160
0000016614
0000017313
0000017797
0000018169
0000018647
0000018654
0000018672
0000018937
0000019002
0000019353
0000020232
0000020290
0000020947
0000021828
0000022767
0000022872
0000023217
0000023426
0000023632
0000023666
0000025212
0000025793
0000027093
0000030302
0000030419
0000030822
0000030828
0000031277
0000031704
0000032776
0000033619
0000033769
0000034408
0000034956
0000037634
0000037748
0000038067
0000038074
0000038264
0000039020
0000039273
0000040194
0000040704
0000042136
0000042542
0000043920
0000045621
0000046207
0000046640
0000047307
0000049534
0000049648
0000050292
0000050957
0000052485
0000053320
0000054476
0000055387
0000055529
0000055604
0000057183
0000059860
0000060849
0000061339
0000064279
0000064670
0000065100
0000065201
0000066382
0000067472
0000067517
0000068145
0000068589
0000069671
0000069891
0000072316
0000073048
0000073605
0000074818
0000075439
0000075488
0000075527
0000075829
0000077597
0000078311
0000081033
0000081100
0000082628
0000083402
0000085704
0000086521
0000090168
0000090794
0000091388
0000091882
0000092103
0000093384
0000093451
0000093456
0000093859
0000094784
0000095304
0000095572
0000096271
0000096289
0000097472
0000097854
0000098752
0000100122
0000100412
0000102379
0000103682
0000104207
0000104819
0000108516
0000109156
0000109471
0000109758
0000110536
0000201533
0000203248
0000225051
0000225789
0000230211
0000230498
0000277058
0000310056
0000311471
0000314606
0000314712
0000314741
0000315261
0000316793
0000317771
0000318622
0000319016
0000319156
0000319687
0000320187
0000320345
0000320387
0000320431
0000350077
0000350199
0000350644
0000350832
0000350917
0000351017
0000351077
0000351231
0000352747
0000353191
0000353394
0000353681
0000353944
0000354655
0000354706
0000354813
0000355766
0000355948
0000356080
0000356292
0000356590
0000357108
0000701345
0000703360
0000703699
0000704165
0000704384
0000704562
0000705752
0000710782
0000711377
0000711513
0000713002
0000713425
0000714311
0000715446
0000715578
0000716688
0000717059
0000717720
0000718916
0000718924
0000719164
0000719184
0000719731
0000720875
0000722104
0000722392
0000722648
0000723254
0000723531
0000723533
0000723603
0000724941
0000730000
0000730716
0000731122
0000731657
0000732412
0000732485
0000739608
0000739878
0000740156
0000740670
0000740694
0000740726
0000740761
0000744485
0000746631
0000746967
0000748015
0000748270
0000749872
0000749935
0000750150
0000752902
0000755003
0000759718
0000760326
0000763293
0000764478
0000764667
0000766561
0000771856
0000771950
0000772572
0000773660
0000776325
0000778734
0000778946
0000778972
0000782842
0000783412
0000783603
0000784681
0000785815
0000785968
0000786620
0000789019
0000789073
0000789388
0000789868
0000789879
0000789944
0000790066
0000790067
0000790362
0000790703
0000790816
0000792935
0000792985
0000795255
0000795551
0000796317
0000796343
0000799235
0000800286
0000801351
0000803014
0000803771
0000805305
0000806592
0000808015
0000812149
0000812301
0000812900
0000813621
0000813716
0000813779
0000813781
0000814904
0000814920
0000820096
0000820237
0000820736
0000822370
0000822418
0000822708
0000822783
0000822997
0000823546
0000825315
0000825324
0000825410
0000826083
0000826253
0000826773
0000827052
0000827230
0000828678
0000828940
0000830159
0000830741
0000830916
0000831355
0000833081
0000835095
0000835729
0000836106
0000836690
0000840264
0000840883
0000840889
0000841501
0000842694
0000842722
0000844788
0000844965
0000845819
0000847415
0000847416
0000847464
0000849401
0000850579
0000850660
0000851726
0000852564
0000852570
0000854395
0000854398
0000854701
0000854860
0000858803
0000859014
0000859139
0000859368
0000860543
0000862480
0000862510
0000862651
0000862668
0000862923
0000863157
0000863456
0000865754
0000866458
0000866729
0000867963
0000868267
0000868368
0000868740
0000869487
0000869531
0000869986
0000870732
0000872835
0000873185
0000874016
0000876134
0000877422
0000877860
0000878375
0000878520
0000878522
0000880059
0000880177
0000880446
0000881464
0000881695
0000882235
0000882289
0000882291
0000882829
0000882873
0000883293
0000884130
0000884504
0000884629
0000885322
0000885721
0000886475
0000887247
0000887497
0000888165
0000888228
0000888702
0000889156
0000889930
0000890801
0000890846
0000890923
0000891106
0000891288
0000891456
0000892822
0000892907
0000893467
0000894544
0000895329
0000895516
0000895650
0000896400
0000896778
0000896842
0000896985
0000897067
0000897893
0000898037
0000899045
0000899297
0000899597
0000899881
0000902739
0000903571
0000904163
0000904918
0000904979
0000905428
0000907686
0000908837
0000909111
0000909724
0000910560
0000911002
0000911160
0000911177
0000911503
0000911568
0000911583
0000912145
0000912183
0000912544
0000912844
0000912898
0000913760
0000913778
0000913885
0000914024
0000914398
0000915324
0000915358
0000915862
0000916459
0000917032
0000918573
0000918997
0000919722
0000919742
0000920033
0000920522
0000920527
0000920707
0000921051
0000921313
0000921500
0000922011
0000922358
0000922717
0000923649
0000923660
0000925043
0000925266
0000925661
0000926164
0000926660
0000926843
0000926865
0000927472
0000927569
0000927807
0000929920
0000929921
0000929994
0000930405
0000930803
0000930835
0000931058
0000932136
0000932699
0000934445
0000934448
0000934538
0000936446
0000940329
0000940944
0000941020
0000943110
0000943823
0000943904
0000944739
0000946090
0000946823
0000946840
0000947011
0000949373
0001000230
0001001279
0001001604
0001001871
0001002360
0001002388
0001002390
0001002638
0001003130
0001003986
0001004980
0001005010
0001005758
0001007273
0001008817
0001011174
0001011657
0001012140
0001012704
0001016178
0001016546
0001017290
0001017712
0001018005
0001018216
0001018281
0001020302
0001020646
0001021096
0001021113
0001022225
0001023131
0001024048
0001025536
0001027235
0001028985
0001029023
0001029506
0001030192
0001030896
0001031028
0001031233
0001031896
0001032067
0001032761
0001034669
0001035675
0001036070
0001036500
0001037049
0001037949
0001038280
0001038286
0001039101
0001040482
0001041009
0001041177
0001041429
0001041577
0001041954
0001042173
0001042825
0001043382
0001044082
0001044577
0001044590
0001045150
0001045742
0001045829
0001045929
0001046188
0001046672
0001046788
0001046880
0001047919
0001048620
0001048911
0001049210
0001050550
0001050957
0001051114
0001051488
0001051827
0001051828
0001052045
0001052284
0001052635
0001054508
0001054579
0001054833
0001055454
0001056035
0001057689
0001057758
0001058438
0001058690
0001059131
0001059324
0001060232
0001060749
0001060910
0001061937
0001062273
0001062478
0001062530
0001063494
0001063665
0001064863
0001065001
0001065049
0001065598
0001066026
0001066107
0001066134
0001067286
0001068300
0001068796
0001068874
0001070154
0001070295
0001070524
0001070680
0001072805
0001072847
0001073146
0001073362
0001073431
0001073967
0001074828
0001074871
0001074909
0001074929
0001075656
0001075773
0001076262
0001076939
0001077638
0001078037
0001078383
0001079282
0001080034
0001080224
0001080602
0001080627
0001080747
0001081183
0001081860
0001082492
0001083490
0001083706
0001083768
0001083848
0001083922
0001084182
0001084384
0001084752
0001084755
0001084765
0001084817
0001084899
0001085254
0001085280
0001085770
0001086319
0001086745
0001087432
0001088033
0001088206
0001088211
0001088213
0001088312
0001088787
0001089748
0001090403
0001090967
0001091312
0001091735
0001092492
0001092839
0001093248
0001093649
0001093683
0001094007
0001094019
0001094038
0001094238
0001094742
0001095146
0001096142
0001096294
0001096298
0001096325
0001096481
0001096550
0001096654
0001096738
0001096840
0001096857
0001097718
0001097896
0001098009
0001098277
0001098482
0001098911
0001099305
0001099534
0001099977
0001100202
0001100962
0001100969
0001101688
0001101783
0001102287
0001102709
0001102741
0001103833
0001105055
0001105284
0001106645
0001106848
0001107160
0001107332
0001109196
0001110607
0001111473
0001111741
0001112064
0001112372
0001112706
0001113232
0001113784
0001116927
0001117171
0001117228
0001119046
0001121783
0001122108
0001123360
0001123493
0001124024
0001125280
0001125914
0001126216
0001126703
0001126956
0001129048
0001129120
0001129920
0001130258
0001130385
0001130866
0001130888
0001131457
0001131675
0001132143
0001133266
0001133901
0001134016
0001134982
0001135017
0001135202
0001136352
0001136463
0001136529
0001136796
0001136933
0001137046
0001137204
0001137855
0001138724
0001139463
0001140028
0001140184
0001140509
0001140657
0001141673
0001141719
0001141982
0001142406
0001142512
0001142576
0001142790
0001143908
0001143921
0001144225
0001144834
0001144945
0001145404
0001145547
0001145761
0001156871
0001156884
0001157377
0001158223
0001160142
0001160858
0001162816
0001163332
0001163698
0001163932
0001163966
0001164964
0001166220
0001166568
0001167886
0001168165
0001168195
0001169055
0001169083
0001169440
0001169567
0001169769
0001170154
0001170534
0001170650
0001171155
0001171298
0001171838
0001172069
0001172480
0001173394
0001173752
0001173784
0001174746
0001174814
0001175442
0001175680
0001177135
0001178552
0001179090
0001182129
0001183186
0001186362
0001188382
0001191357
0001191359
0001191857
0001204560
0001205727
0001208790
0001209821
0001212641
0001213106
0001220606
0001221548
0001222244
0001223112
0001224006
0001224370
0001224950
0001224951
0001225874
0001228386
0001229089
0001230058
0001230276
0001230355
0001233275
0001234307
0001236997
0001240581
0001241199
0001242513
0001250873
0001258831
0001259045
0001260349
0001261436
0001261734
0001264707
0001268659
0001269879
0001270400
0001271046
0001271057
0001271073
0001271625
0001272430
0001272906
0001275712
0001276262
0001277092
0001277151
0001277270
0001278384
0001283709
0001284452
0001284506
0001285236
0001285785
0001288248
0001289223
0001289272
0001289550
0001289592
0001290506
0001292026
0001292055
0001293283
0001294154
0001294538
0001295503
0001295664
0001295714
0001296391
0001297067
0001297720
0001297965
0001298978
0001299864
0001299967
0001300524
0001300662
0001301206
0001301236
0001301367
0001301712
0001301839
0001301874
0001302177
0001302244
0001302324
0001309141
0001310094
0001310157
0001311486
0001311538
0001311735
0001313024
0001314054
0001315695
0001316631
0001317577
0001317880
0001318482
0001320414
0001320767
0001321228
0001321268
0001322739
0001322866
0001323143
0001323531
0001323653
0001323854
0001323974
0001324518
0001324759
0001325279
0001325702
0001325740
0001326205
0001326250
0001326364
0001326396
0001326807
0001328208
0001328670
0001329011
0001329136
0001329517
0001329919
0001329957
0001330820
0001332445
0001332474
0001332572
0001333248
0001333563
0001333763
0001335239
0001336691
0001337009
0001337885
0001338242
0001338578
0001338690
0001338929
0001341319
0001342505
0001342643
0001342854
0001343009
0001344154
0001344394
0001344530
0001345111
0001345122
0001347870
0001349593
0001349976
0001350072
0001350421
0001350773
0001351765
0001353499
0001353612
0001353614
0001354071
0001354217
0001354752
0001355001
0001355128
0001355304
0001355420
0001355451
0001355823
0001355855
0001356857
0001357231
0001359425
0001360474
0001360564
0001360752
0001361709
0001361955
0001362491
0001362718
0001363343
0001363573
0001364100
0001364896
0001366391
0001366649
0001367306
0001367396
0001367416
0001367644
0001368007
0001368196
0001368622
0001368745
0001368761
0001368900
0001368954
0001370291
0001371128
0001371310
0001371473
0001371487
0001371571
0001371781
0001372000
0001372336
0001373179
0001373444
0001373761
0001374694
0001374783
0001374845
0001375200
0001375247
0001375320
0001376321
0001376804
0001376812
0001377040
0001377053
0001377167
0001378020
0001378076
0001378125
0001378140
0001378948
0001379043
0001379075
0001379246
0001379527
0001379699
0001380277
0001381324
0001381807
0001382413
0001382462
0001383006
0001383196
0001383729
0001383960
0001385187
0001385310
0001386198
0001386355
0001386765
0001387361
0001387632
0001387976
0001388132
0001388174
0001388295
0001388311
0001388982
0001389030
0001389067
0001389115
0001389870
0001390292
0001390804
0001391137
0001391142
0001391390
0001392121
0001392875
0001393356
0001393403
0001393463
0001393631
0001393744
0001393909
0001394130
0001394446
0001394954
0001395400
0001395864
0001396838
0001397410
0001397771
0001397807
0001397821
0001398004
0001398005
0001398006
0001398702
0001399095
0001399306
0001399356
0001399488
0001399521
0001400683
0001400728
0001401670
0001401688
0001401835
0001402366
0001403674
0001404212
0001404280
0001404636
0001405049
0001405227
0001405287
0001406243
0001406979
0001406980
0001407161
0001407343
0001407463
0001407583
0001407882
0001408146
0001408287
0001408300
0001409430
0001409432
0001409565
0001409624
0001409834
0001409885
0001410838
0001411730
0001411861
0001411974
0001412068
0001412109
0001412126
0001413299
0001413440
0001413488
0001413547
0001414030
0001414043
0001415022
0001415277
0001415286
0001415432
0001415751
0001416083
0001416183
0001417172
0001417664
0001417900
0001418065
0001418115
0001418134
0001418506
0001418862
0001419051
0001419067
0001419069
0001419073
0001419178
0001419482
0001419552
0001419582
0001419583
0001419984
0001419985
0001419995
0001420033
0001420035
0001420061
0001420421
0001420566
0001421603
0001421871
0001421901
0001421981
0001422215
0001422949
0001422992
0001423357
0001423588
0001424030
0001424151
0001424455
0001424640
0001424822
0001424864
0001425173
0001425264
0001425715
0001425919
0001425923
0001426530
0001426780
0001427030
0001427352
0001427714
0001428389
0001428469
0001428765
0001429470
0001429627
0001429775
0001430415
0001431499
0001431824
0001431880
0001431897
0001432139
0001432176
0001432290
0001432967
0001433147
0001433607
0001433997
0001434028
0001434389
0001434589
0001434740
0001434743
0001434768
0001436164
0001436309
0001437213
0001437467
0001437750
0001437822
0001438138
0001438139
0001438535
0001438660
0001438673
0001438897
0001439237
0001439299
0001439813
0001439971
0001440208
0001440476
0001440770
0001441362
0001441849
0001442505
0001442711
0001443075
0001443388
0001443609
0001444144
0001444145
0001445175
0001445226
0001445541
0001445831
0001446210
0001446896
0001448806
0001448900
0001448962
0001449349
0001449574
0001450390
0001450552
0001450708
0001450973
0001451797
0001451951
0001452011
0001452804
0001453090
0001453122
0001453420
0001453684
0001454007
0001454010
0001454311
0001454504
0001454725
0001454742
0001455271
0001455768
0001455819
0001456090
0001456137
0001457543
0001458868
0001459450
0001459697
0001460801
0001462013
0001462047
0001462223
0001462506
0001463191
0001463961
0001464300
0001464865
0001465062
0001465264
0001465470
0001466629
0001466739
0001467027
0001467845
0001469038
0001469115
0001469207
0001469606
0001470129
0001470719
0001470795
0001470915
0001471088
0001471266
0001471458
0001471487
0001472635
0001472998
0001473490
0001473591
0001473675
0001474301
0001474627
0001475065
0001475273
0001476278
0001476638
0001476655
0001476719
0001476886
0001477009
0001477032
0001477472
0001477776
0001477968
0001478132
0001478220
0001478259
0001478974
0001479000
0001479014
0001479142
0001479426
0001479488
0001479683
0001479919
0001481504
0001481506
0001482073
0001482278
0001482512
0001482875
0001482876
0001482877
0001482878
0001482879
0001483230
0001483731
0001484478
0001484674
0001485156
0001485933
0001485964
0001486058
0001486526
0001487198
0001487347
0001487439
0001487685
0001487920
0001487931
0001487932
0001487933
0001487999
0001488087
0001488638
0001489039
0001490346
0001490626
0001490653
0001490824
0001491479
0001491501
0001492052
0001492116
0001492151
0001492324
0001492541
0001492617
0001492850
0001492869
0001492915
0001493006
0001493040
0001493174
0001493182
0001493265
0001493552
0001493761
0001494214
0001494722
0001495230
0001495850
0001495900
0001495925
0001496623
0001497046
0001497120
0001497251
0001497316
0001497421
0001497572
0001497612
0001497632
0001497649
0001497918
0001498046
0001498325
0001498372
0001498388
0001498522
0001499197
0001499501
0001499735
0001499871
0001499875
0001500198
0001500366
0001500497
0001501162
0001501225
0001501331
0001501720
0001501845
0001501919
0001502012
0001502555
0001502557
0001502772
0001502774
0001502952
0001502966
0001503063
0001503658
0001503985
0001503993
0001504389
0001504678
0001504912
0001504937
0001505823
0001506215
0001506546
0001506932
0001507571
0001507718
0001508128
0001508262
0001508332
0001508470
0001508594
0001508677
0001509692
0001509879
0001510130
0001510518
0001510524
0001510775
0001510871
0001510961
0001510962
0001510976
0001511071
0001511159
0001511325
0001511618
0001511648
0001511967
0001512983
0001513514
0001514183
0001514443
0001514608
0001514682
0001514888
0001515275
0001515382
0001515635
0001516007
0001516559
0001517112
0001517224
0001517393
0001517653
0001517709
0001517783
0001517990
0001517992
0001518171
0001518548
0001518749
0001518909
0001519625
0001519817
0001520007
0001520047
0001520118
0001520262
0001520512
0001520592
0001520874
0001521420
0001521476
0001521722
0001521762
0001522164
0001522165
0001522236
0001522787
0001522903
0001523486
0001523733
0001524083
0001524774
0001525896
0001526600
0001526608
0001526759
0001527355
0001527424
0001527666
0001527675
0001527702
0001527722
0001527727
0001527728
0001527974
0001529004
0001529293
0001529433
0001530425
0001530746
0001530796
0001530874
0001531434
0001532158
0001532424
0001532828
0001532926
0001533455
0001533615
0001534525
0001534628
0001534629
0001534814
0001534977
0001535194
0001536643
0001537258
0001537293
0001537834
0001538123
0001539574
0001539778
0001540400
0001540563
0001542013
0001542261
0001542624
0001542625
0001542627
0001542628
0001543098
0001543367
0001543450
0001543739
0001544116
0001545236
0001546392
0001547282
0001548953
0001549145
0001552979
0001554947
0001555017
0001555214
0001555458
0001557565
0001561782
0001566039
0001576778